35996
36109
36247
36360
36483
36634
36756
36858
36980
37103
37232
37374
37517
37645
37780
37935
38057
38204
38309
38458
38591
38753
38916
39102
39261
39420
39581
39692
39837
40019
40155
40321
40450
40667
40769
40923
40926
41071
41229
41376
41527
41683
41822
41968
42123
42251
42427
42579
42710
42867
43013
43152
43258
43395
43517
43662
43790
43928
44074
44221
44351
44487
44625
44754
44877
44980
45094
45239
45374
45490
45616
45735
45861
46013
46162
46315
46421
46565
46676
46811
46928
47043
47185
47309
47443
47604
47750
47891
48033
48152
48277
48402
48522
48649
48751
48879
49011
49152
49296
49405
49453
49513
49611
49675
49750
49820
49875
49951
50023
50088
50152
50221
50293
50361
50442
50516
50595
50659
50726
50805
50891
50984
51043
51133
51195
51271
51359
51425
51507
51575
51658
51663
51823
51831
51979
51992
52149
52159
52325
52341
52483
52497
52646
52657
53012
53047
53197
53207
53345
53357
53491
53502
53631
53644
53783
53792
53942
53960
54119
54122
54130
54289
54292
54299
54473
54476
54483
54615
54617
54629
54778
54779
54789
54963
54966
54980
55137
55140
55148
55299
55302
55311
55439
55447
55457
55589
55595
55612
55760
55764
55771
55952
55958
55976
56126
56128
56134
56292
56296
56304
56463
56468
56485
56659
56670
56671
56821
56829
56847
57027
57029
57046
57223
57226
57233
57418
57422
57433
57589
57590
57601
57816
57819
57828
58010
58015
58017
58178
58184
58185
58400
58404
58405
58601
58607
58609
58785
58787
58790
59005
59007
59009
59209
59213
59215
59425
59426
59430
59651
59656
59658
59874
59880
59882
60072
60075
60101
60332
60337
60338
60554
60559
60560
60738
60741
60744